Q1:26.133476972579956
Q2:149.00002145767212
Q3:115.78940796852112
Q4:27.464503526687622
Q5:374.30646538734436
