Broadcast:125.56241083145142
Repartition:224.31343364715576
