N:4.162578582763672
Y:21.066673040390015
