Q1:9.808577537536621
Q2:113.70687294006348
Q3:123.47240400314331
Q4:10.89028000831604
Q5:590.3105933666229
