Q1:24.92119812965393
Q2:40.50663685798645
Q3:41.32112956047058
Q4:28.466537952423096
Q5:123.45349383354187
